7224
8007
4708
1980
3619
1548
5921
1661
7795
1436
7300
7194
7339
2917
5662
3065
6474
4758
7943
6350
8609
9315
9463
2233
1786
3607
9814
7984
9027
5487
8292
5827
1612
7422
6344
6236
5990
5000
3843
1485
7553
6924
5794
4555
3553
4437
4296
9497
8653
5718
9426
7495
1119
7908
7359
6038
1687
1483
5296
2016
7466
6917
1363
4197
3296
2028
9621
9074
9939
3914
4995
6101
8054
8191
4946
3319
7932
5918
6808
5628
1027
4176
1752
5569
5427
9960
7218
1732
8399
2936
8318
9930
7292
8395
1644
7933
4946
4578
1539
2640
8832
9826 
